2281175
2288801
2274082
2268999
2264113
2288205
2265685
2286863
2287875
2274841
2249007
2279736
2271578
2290174
2279938
2274088
1366856
2272782
2290257
2265417
2282175
2288758
2289926
2286053
2235945
2269978
2284119
2266942
2285845
2265215
2266583
2287267
2269179
2266101
2265454
2274830
2274637
2265690
2268082
2283739
2273945
2272538
2280824
2279443
1368626
2271201
2279688
2287975
2283493
2275708
2281597
2263686
2288543
2273257
2271032
2274547
2290354
2266908
2271235
2279558
1661008
2287249
2281781
2263974
2269919
2281185
2267418
2284537
2288730
2289668
2273048
2273764
2271500
2274612
2269152
2275629
2282307
2272155